0000000000000000000000000000000000000000
0000000000000000000000000000000000000000
0011100000000000000000000000000000000000
0100000000000000000000000000000001110000
0111000000000000000000000000000000000000
0000000000000000000000000000000100000100
0000000000000000000000000000000100000100
1110000000000000000000000000000100000111
0000100000000000000010000000000000000001
0010000000010000001001100000000001110010
0100110000010000010001100000000000000010
0100000000010011100001001001000000000010
0100000000000011010011111001000000000010
1000000000000100000000000000100000000001
0000100000000011110110000100100000000000
0011110000000001000110000000100000000000
0100010000000000000000011001000000000000
0100100000000000000000000011000000000000
0011100000000000000000000001000000000000
0000000000000000000000000000000000000000
1100000000000000000000000110000101000001
0000000000000000000000000000000100100010
0100000000000000000000000000000101000000
0000011000000000000000000000000000000100
0000100100000000000000000000100000000110
0000001000000000000000000001100000000000
0000000000000000000011000011101000000000
0010100000000000000011000110000000000000
0001100000000000000000000010000100000000
0000000000000000000000111001111100000011
0101100000000000110001000111000100001100
0100000000000000110001000001111000010000
1001010000000000000000110000100000011010
0000010000000000000000000000000000011111
1110001000000011000000000000000000000001
0000010000000011000000000000000000000101
0110100000000000000000000000000000000001
0001000000000000000000000000000000000000
0000000000000000000000000000000000000000
0000000000000000000000000000000000000000
